19
19
2
2
19
19
2
2
3
3
23
6
3
3
23
6
1
1
21
21
1
1
7
7
17
17
39
34
17
17
30
14
19
19
2
2
19
19
2
2
3
3
23
6
3
3
23
6
1
1
21
21
1
1
7
7
17
17
39
34
17
17
30
14
0
0
16
16
0
0
16
16
22
22
36
29
22
22
36
29
20
20
38
38
20
20
35
35
37
37
46
42
37
37
41
27
0
0
16
16
0
0
16
16
5
5
33
15
5
5
33
15
20
20
38
38
20
20
35
35
28
28
43
26
28
28
45
11
19
19
2
2
19
19
2
2
3
3
23
6
2
3
23
6
1
1
21
21
1
1
7
7
17
17
39
34
17
17
30
14
19
19
2
2
19
19
2
2
3
3
6
6
3
3
23
6
17
1
21
21
1
1
7
7
17
17
39
34
17
17
30
14
0
0
16
16
0
0
16
16
22
22
23
29
3
3
36
29
4
4
31
31
4
4
13
13
32
32
40
44
32
32
24
9
0
0
16
16
0
0
16
16
5
5
33
15
5
5
33
15
4
4
31
31
4
4
13
13
12
12
25
10
12
12
8
18